1770765651 452224
1770765837 453376
1770766023 454528
1770766209 455744
1770766394 456896
1770766580 458048
1770766766 459200
1770766952 460352
1770767144 461568
1770767346 462848
1770767532 463488
1770767718 464704
1770767904 465856
1770768090 467008
1770768276 468160
1770768477 469376
1770768663 470528
1770768849 471680
1770769050 472960
1770769236 474112
1770769422 475264
1770769608 476416
1770769794 477632
1770769980 478784
1770770180 480000
1770770381 481280
1770770567 482432
1770770753 483584
1770770939 484800
1770771126 485952
1770771312 487104
1770771513 488384
1770771699 489536
1770771885 490688
1770772086 491904
1770772272 493056
1770772458 494272
1770772644 495424
1770772830 496576
1770773016 497728
1770773218 498944
1770773404 500160
1770773590 501312
1770773782 502464
1770773968 503616
1770774155 504832
1770774341 505984
1770774527 506752
1770774713 507904
1770774899 509056
1770775085 510208
1770775276 511424
1770775475 512704
1770775661 513856
1770775847 515008
1770776033 516160
1770776219 517312
1770776405 518464
1770776607 519744
1770776793 520896
1770776979 522048
1770777165 523200
1770777350 523776
1770777536 523776
1770777722 524032
1770777909 525248
1770778096 526400
1770778297 527680
1770778483 528832
1770778669 529984
1770778855 531136
1770779041 532288
1770779242 533568
1770779428 534720
1770779614 535872
1770779800 537088
1770779986 538240
1770780172 539392
1770780359 540544
1770780545 540544
1770780731 540544
1770780932 540544
1770781118 540672
1770781319 541888
1770781505 543040
1770781692 544192
1770781882 545408
1770782068 546560
1770782254 547712
1770782440 548928
1770782641 550144
1770782827 551360
1770783028 552640
1770783214 553792
1770783400 554944
1770783586 556096
1770783771 557312
1770783958 558464
1770784143 559616
1770784329 560576
1770784515 560576
1770784701 560576
1770784887 561344
1770785088 561472
1770785274 561920
1770785460 563072
1770785661 563904
1770785847 564736
1770786033 565504
1770786220 566656
1770786423 566976
1770786609 568128
1770786797 569216
1770786983 570368
1770787169 571584
1770787362 572736
1770787548 572928
1770787734 572928
1770787920 573440
1770788106 574592
1770788292 575808
1770788493 577024
1770788694 578304
1770788880 579456
1770789066 580672
1770789252 581824
1770789438 582976
1770789624 584192
1770789810 585344
1770789996 586496
1770790197 587776
1770790387 588992
1770790573 590144
1770790759 591360
1770790945 592512
1770791131 593664
1770791317 594816
1770791503 596032
1770791689 597184
1770791888 598464
1770792089 599680
1770792275 600896
1770792461 602048
1770792647 603200
1770792833 604416
1770793019 605248
1770793205 606336
1770793391 607232
1770793593 607232
1770793783 608256
1770793969 609408
1770794155 610496
1770794341 611648
1770794527 612800
1770794713 613696
1770794899 613888
1770795085 614720
1770795271 615872
1770795457 616960
1770795643 618112
1770795844 619392
1770796045 620608
1770796231 621760
1770796417 622912
1770796603 624064
1770796790 625216
1770796975 626304
1770797172 627520
1770797357 628672
1770797543 629824
1770797729 630976
1770797915 631932
1770798106 704
1770798292 1280
1770798478 1856
1770798664 2112
1770798865 3392
1770799051 4544
1770799237 5696
1770799438 6976
1770799624 8128
1770799810 9280
1770799996 10496
1770800182 11648
1770800367 12800
1770800563 14080
1770800749 15232
1770800935 16384
1770801121 17536
1770801307 18752
1770801508 19968
1770801694 21184
1770801895 22400
1770802080 23616
1770802266 24768
1770802453 25920
1770802639 27136
1770802825 28288
1770803010 29440
1770803201 30656
1770803387 31808
1770803588 33088
1770803774 34240
1770803960 35456
1770804146 36608
1770804332 37760
1770804518 38912
1770804704 40128
1770804905 41344
1770805091 42560
1770805293 43840
1770805479 44992
1770805665 46144
1770805851 47360
1770806037 48512
1770806238 49792
1770806424 50944
1770806610 52096
1770806796 53248
1770806997 54528
1770807183 55744
1770807368 56896
1770807570 58176
1770807756 59328
1770807942 60544
1770808128 61696
1770808314 62848
1770808499 64064
1770808700 65344
1770808886 66496
1770809072 67712
1770809258 68864
1770809444 70016
1770809630 71232
1770809816 72384
1770810017 73664
1770810203 74816
1770810389 75968
1770810575 77184
1770810776 78400
