1770765651 401472
1770765837 402496
1770766023 403520
1770766209 404544
1770766395 405568
1770766581 406592
1770766767 407616
1770766953 408640
1770767145 409664
1770767346 410752
1770767532 411392
1770767719 412416
1770767905 413440
1770768091 414464
1770768277 415488
1770768477 416576
1770768663 417600
1770768849 418624
1770769050 419712
1770769236 420736
1770769422 421760
1770769608 422784
1770769794 423808
1770769980 424832
1770770180 425984
1770770381 427072
1770770567 428096
1770770753 429120
1770770939 430144
1770771127 431168
1770771313 432192
1770771513 433280
1770771699 434304
1770771885 435328
1770772086 436416
1770772272 437440
1770772459 438464
1770772645 439488
1770772830 440512
1770773017 441536
1770773219 442624
1770773405 443648
1770773591 444672
1770773782 445760
1770773968 446784
1770774156 447808
1770774342 448832
1770774528 449472
1770774714 450496
1770774900 451520
1770775086 452544
1770775277 453632
1770775476 454720
1770775662 455744
1770775847 456768
1770776033 457792
1770776219 458816
1770776405 459904
1770776607 460992
1770776793 462016
1770776979 463040
1770777165 464064
1770777351 464576
1770777537 464576
1770777723 464832
1770777909 465856
1770778096 466880
1770778297 467968
1770778483 468992
1770778669 470016
1770778855 471040
1770779041 472064
1770779243 473152
1770779429 474176
1770779615 475200
1770779801 476224
1770779987 477248
1770780173 478272
1770780360 479296
1770780546 479296
1770780732 479296
1770780933 479296
1770781119 479360
1770781320 480384
1770781506 481472
1770781692 482496
1770781882 483520
1770782068 484544
1770782254 485568
1770782440 486592
1770782641 487680
1770782827 488704
1770783028 489792
1770783214 490816
1770783400 491840
1770783586 492864
1770783772 493888
1770783958 494912
1770784144 495936
1770784330 496768
1770784516 496768
1770784702 496832
1770784888 497472
1770785089 497536
1770785275 497920
1770785461 498944
1770785662 499712
1770785848 500416
1770786034 501056
1770786220 502080
1770786424 502336
1770786610 503360
1770786797 504384
1770786983 505344
1770787169 506368
1770787363 507392
1770787549 507584
1770787735 507584
1770787921 508032
1770788107 509056
1770788293 510080
1770788494 511168
1770788695 512256
1770788881 513280
1770789067 514304
1770789252 515328
1770789438 516352
1770789624 517376
1770789810 518400
1770789996 519424
1770790197 520576
1770790388 521600
1770790574 522624
1770790759 523648
1770790945 524672
1770791131 525696
1770791317 526720
1770791503 527744
1770791689 528768
1770791889 529856
1770792090 530944
1770792276 531968
1770792462 532992
1770792648 534016
1770792834 535040
1770793020 535744
1770793205 536768
1770793392 537536
1770793593 537536
1770793784 538368
1770793970 539392
1770794156 540416
1770794342 541376
1770794528 542400
1770794714 543168
1770794900 543360
1770795086 544064
1770795272 545088
1770795458 546048
1770795643 547072
1770795844 548160
1770796045 549248
1770796231 550208
1770796417 551232
1770796603 552256
1770796790 553216
1770796976 554240
1770797172 555328
1770797358 556288
1770797544 557312
1770797730 558336
1770797916 559156
1770798107 640
1770798293 1152
1770798479 1600
1770798665 1856
1770798865 2944
1770799051 3968
1770799237 4992
1770799438 6080
1770799624 7104
1770799810 8128
1770799996 9152
1770800182 10176
1770800368 11200
1770800563 12288
1770800750 13312
1770800935 14272
1770801121 15296
1770801307 16320
1770801508 17472
1770801694 18496
1770801895 19584
1770802081 20608
1770802267 21632
1770802453 22656
1770802639 23680
1770802825 24704
1770803011 25728
1770803202 26752
1770803388 27776
1770803589 28928
1770803775 29952
1770803961 30976
1770804147 32000
1770804333 32960
1770804518 33984
1770804704 35008
1770804905 36160
1770805091 37184
1770805294 38272
1770805480 39296
1770805666 40320
1770805851 41344
1770806037 42368
1770806238 43456
1770806424 44480
1770806610 45568
1770806796 46528
1770806997 47680
1770807183 48704
1770807369 49728
1770807570 50816
1770807756 51840
1770807942 52864
1770808128 53888
1770808314 54912
1770808500 55936
1770808701 57088
1770808887 58112
1770809073 59136
1770809259 60160
1770809445 61184
1770809631 62208
1770809817 63232
1770810018 64320
1770810204 65344
1770810390 66368
1770810576 67392
1770810777 68544
