1770765650 449664
1770765836 450816
1770766021 451968
1770766207 453120
1770766393 454208
1770766579 455424
1770766765 456576
1770766951 457728
1770767143 458944
1770767344 460224
1770767530 460928
1770767717 462080
1770767903 463232
1770768089 464448
1770768275 465536
1770768476 466816
1770768662 467968
1770768848 469120
1770769049 470400
1770769235 471552
1770769420 472768
1770769606 473856
1770769792 475008
1770769978 476224
1770770179 477440
1770770380 478720
1770770566 479872
1770770752 481024
1770770938 482176
1770771125 483328
1770771311 484544
1770771512 485760
1770771698 486912
1770771884 488064
1770772085 489344
1770772271 490432
1770772457 491584
1770772643 492736
1770772829 493888
1770773015 494976
1770773217 496256
1770773403 497408
1770773589 498496
1770773780 499712
1770773966 500864
1770774154 501952
1770774340 503168
1770774526 503936
1770774712 505024
1770774898 506176
1770775084 507392
1770775275 508544
1770775474 509760
1770775660 510912
1770775846 512064
1770776032 513216
1770776218 514368
1770776404 515520
1770776605 516736
1770776791 517888
1770776977 518976
1770777163 520128
1770777349 520704
1770777535 520704
1770777721 520960
1770777908 522176
1770778095 523328
1770778296 524544
1770778482 525696
1770778668 526784
1770778854 528000
1770779040 529152
1770779241 530368
1770779427 531520
1770779613 532672
1770779799 533888
1770779985 535040
1770780171 536128
1770780358 537280
1770780544 537280
1770780730 537280
1770780931 537280
1770781117 537408
1770781318 538496
1770781504 539648
1770781690 540800
1770781880 541952
1770782066 543104
1770782252 544256
1770782438 545408
1770782639 546624
1770782825 547776
1770783027 548928
1770783213 550080
1770783398 551232
1770783584 552384
1770783770 553472
1770783956 554624
1770784142 555776
1770784328 556672
1770784514 556672
1770784700 556736
1770784886 557440
1770785087 557568
1770785273 557952
1770785459 559104
1770785660 559936
1770785846 560768
1770786032 561472
1770786218 562624
1770786422 562880
1770786608 564032
1770786795 565120
1770786981 566272
1770787167 567360
1770787361 568512
1770787547 568704
1770787733 568704
1770787919 569216
1770788105 570304
1770788291 571456
1770788492 572736
1770788693 573952
1770788879 575040
1770789065 576192
1770789251 577344
1770789437 578496
1770789623 579584
1770789809 580736
1770789994 581824
1770790195 583104
1770790386 584256
1770790572 585408
1770790758 586560
1770790944 587712
1770791130 588800
1770791315 589888
1770791502 591040
1770791688 592192
1770791887 593344
1770792088 594624
1770792274 595776
1770792460 596992
1770792646 598080
1770792832 599296
1770793018 600064
1770793204 601152
1770793390 602048
1770793591 602048
1770793782 603072
1770793968 604160
1770794154 605248
1770794340 606400
1770794526 607488
1770794712 608320
1770794898 608576
1770795084 609344
1770795270 610496
1770795456 611584
1770795642 612736
1770795843 613952
1770796044 615168
1770796230 616256
1770796415 617408
1770796601 618496
1770796788 619648
1770796974 620736
1770797170 621888
1770797356 622976
1770797542 624064
1770797728 625216
1770797914 626144
1770798105 704
1770798291 1216
1770798477 1792
1770798663 2048
1770798864 3264
1770799050 4416
1770799236 5504
1770799437 6720
1770799622 7872
1770799808 8960
1770799994 10112
1770800180 11200
1770800366 12352
1770800562 13504
1770800748 14656
1770800934 15744
1770801120 16896
1770801305 17984
1770801506 19200
1770801692 20352
1770801893 21568
1770802079 22720
1770802265 23872
1770802452 25024
1770802638 26112
1770802823 27264
1770803009 28416
1770803200 29568
1770803386 30720
1770803587 31936
1770803773 33088
1770803959 34176
1770804145 35328
1770804331 36480
1770804517 37568
1770804703 38720
1770804904 39936
1770805089 41088
1770805292 42304
1770805478 43456
1770805664 44608
1770805850 45760
1770806036 46912
1770806237 48128
1770806423 49216
1770806608 50432
1770806794 51520
1770806995 52736
1770807181 53888
1770807367 55040
1770807568 56256
1770807754 57344
1770807940 70000
1770808126 70000
1770808312 70000
1770808498 70000
1770808699 70000
1770808885 70000
1770809071 70000
1770809257 70000
1770809443 70000
1770809629 70000
1770809815 70000
1770810016 70000
1770810202 70000
1770810388 70000
1770810574 70000
1770810775 70000
