1770493996 425088
1770494182 426432
1770494367 427776
1770494557 429120
1770494743 430464
1770494928 431808
1770495114 432640
1770495310 434048
1770495495 435392
1770495681 436736
1770495866 438016
1770496052 439360
1770496238 440704
1770496424 442048
1770496609 443392
1770496795 444672
1770496990 446080
1770497175 447424
1770497361 448768
1770497546 450048
1770497732 451392
1770497927 452800
1770498113 454144
1770498298 455488
1770498483 456832
1770498679 458240
1770498864 459584
1770499050 460928
1770499235 462272
1770499421 463552
1770499616 464960
1770499802 466304
1770499997 467712
1770500183 469056
1770500368 470400
1770500553 471744
1770500739 473088
1770500924 474368
1770501110 475712
1770501305 477120
1770501490 478464
1770501686 479872
1770501871 481216
1770502057 482560
1770502242 483904
1770502427 485184
1770502613 486528
1770502798 487872
1770502994 489280
1770503179 490624
1770503365 491968
1770503550 492608
1770503746 493440
1770503931 494784
1770504116 496064
1770504302 497408
1770504487 498752
1770504682 500160
1770504868 501504
1770505053 502848
1770505239 504128
1770505434 505536
1770505619 506880
1770505805 507200
1770505990 508288
1770506176 509632
1770506371 511040
1770506557 512320
1770506742 513664
1770506928 515008
1770507123 516416
1770507308 517760
1770507494 519104
1770507679 520384
1770507865 521728
1770508050 523072
1770508235 524416
1770508423 525760
1770508608 527104
1770508803 528512
1770508989 529856
1770509178 531200
1770509364 532544
1770509550 533888
1770509746 535296
1770509931 536640
1770510116 537984
1770510302 539328
1770510497 540672
1770510682 541952
1770510868 541952
1770511053 541952
1770511239 541952
1770511434 542144
1770511619 543488
1770511805 544416
1770511991 704
1770512186 2112
1770512372 3456
1770512557 4800
1770512742 6144
1770512928 7424
1770513113 8768
1770513299 10112
1770513494 11520
1770513679 12352
1770513953 12352
1770514138 12352
1770514324 12352
1770514519 12352
1770514705 12352
1770514897 12352
1770515082 12352
1770515268 12352
1770515453 12352
1770515639 12352
1770515824 12352
1770516009 12352
1770516195 12352
1770516380 12352
1770516576 12352
1770516761 12352
1770516947 12352
1770517132 12352
1770517317 12352
1770517503 12352
1770517698 12352
1770517883 12352
1770518069 12352
1770518254 12352
1770518439 12352
1770518630 12352
1770518815 12352
1770519001 12352
1770519186 12352
1770519371 12352
1770519557 12352
1770519752 12352
1770519938 12352
1770520123 12352
1770520318 12352
1770520504 12352
1770520690 12352
1770520875 12352
1770521062 12352
1770521247 12352
1770521432 12352
1770521618 12352
1770521813 12352
1770522009 12352
1770522194 12352
1770522380 12352
1770522565 12352
1770522750 12352
1770522936 12352
1770523121 12352
1770523306 12352
1770523492 12352
1770523677 12352
1770523952 12352
1770524148 12328
1770524333 12328
1770524519 12328
1770524714 12328
1770524909 768
1770525095 1680
1770525845 2368
1770526037 3776
1770526222 5184
1770526408 6528
1770526602 7936
1770526797 9344
1770526983 10688
1770527169 12096
1770527355 13440
1770527540 14784
1770527726 16128
1770527911 17472
1770528097 18816
1770528293 20288
1770528483 21632
1770528669 22976
1770528855 23552
1770529041 24576
1770529226 25920
1770529412 27264
1770529597 28608
1770529783 29952
1770529981 31424
1770530177 32832
1770530362 34176
1770530553 35584
1770530738 36928
1770530924 38272
1770531110 39680
1770531296 41024
1770531481 42368
1770531671 43712
1770531867 45184
1770532053 46528
1770532238 47872
1770532424 49216
1770532610 50560
1770532795 51904
1770532991 53312
1770533177 54656
1770533372 56064
1770533568 57536
1770533753 58880
1770533939 60224
1770534124 61568
1770534310 62912
1770534496 64256
1770534682 65664
1770534868 67008
1770535053 68352
1770535239 69696
1770535424 71040
1770535620 72512
1770535805 73856
1770535991 75200
1770536177 76544
1770536363 77888
1770536549 79232
1770536745 80704
1770536843 81408
1770537029 82752
1770537216 84096
1770537417 85568
1770537602 86976
1770537788 87296
1770537989 88064
1770538175 89408
1770538361 90752
1770538547 92160
1770538733 93504
1770538919 94848
1770539120 96320
1770539306 97664
1770539492 99008
