1770765650 418304
1770765836 419392
1770766022 420416
1770766208 421504
1770766394 422592
1770766580 423680
1770766766 424704
1770766952 425792
1770767144 426880
1770767345 428032
1770767531 428672
1770767718 429760
1770767904 430784
1770768090 431872
1770768276 432960
1770768476 434112
1770768662 435136
1770768848 436224
1770769049 437376
1770769235 438464
1770769421 439552
1770769607 440576
1770769793 441664
1770769979 442752
1770770179 443904
1770770380 445056
1770770566 446080
1770770752 447168
1770770938 448256
1770771126 449280
1770771312 450368
1770771513 451520
1770771698 452608
1770771884 453632
1770772085 454784
1770772271 455872
1770772458 456960
1770772644 458048
1770772830 459072
1770773016 460160
1770773218 461312
1770773404 462400
1770773590 463424
1770773781 464576
1770773967 465600
1770774155 466688
1770774341 467776
1770774527 468480
1770774713 469568
1770774899 470592
1770775085 471680
1770775276 472768
1770775475 473920
1770775661 475008
1770775847 476032
1770776032 477120
1770776218 478208
1770776404 479232
1770776606 480384
1770776792 481472
1770776978 482560
1770777164 483584
1770777350 484096
1770777536 484096
1770777722 484352
1770777908 485440
1770778095 486528
1770778296 487680
1770778482 488768
1770778668 489792
1770778854 490880
1770779040 491968
1770779242 493120
1770779428 494144
1770779614 495232
1770779800 496320
1770779986 497344
1770780172 498432
1770780359 499456
1770780545 499456
1770780731 499456
1770780932 499456
1770781118 499584
1770781319 500672
1770781505 501760
1770781691 502784
1770781881 503872
1770782067 504960
1770782253 506048
1770782439 507136
1770782640 508288
1770782826 509312
1770783027 510464
1770783213 511552
1770783399 512640
1770783585 513664
1770783771 514752
1770783957 515840
1770784143 516864
1770784329 517760
1770784515 517760
1770784701 517760
1770784887 518400
1770785088 518528
1770785274 518976
1770785460 520000
1770785661 520768
1770785847 521536
1770786033 522240
1770786219 523264
1770786423 523584
1770786609 524608
1770786796 525632
1770786982 526720
1770787168 527744
1770787362 528832
1770787548 528960
1770787734 528960
1770787920 529472
1770788106 530496
1770788292 531584
1770788493 532736
1770788694 533888
1770788880 534976
1770789066 536000
1770789251 537088
1770789437 538112
1770789623 539200
1770789809 540288
1770789995 541312
1770790196 542528
1770790387 543616
1770790573 544640
1770790758 545728
1770790944 546752
1770791130 547840
1770791316 548928
1770791502 549952
1770791688 551040
1770791888 552192
1770792089 553344
1770792275 554368
1770792461 555456
1770792647 556480
1770792833 557568
1770793019 558336
1770793204 559360
1770793391 560192
1770793592 560192
1770793783 561088
1770793969 562112
1770794155 563136
1770794341 564160
1770794527 565248
1770794713 566016
1770794899 566272
1770795085 566976
1770795271 568000
1770795457 569024
1770795642 570112
1770795843 571200
1770796044 572352
1770796230 573376
1770796416 574400
1770796602 575488
1770796789 576512
1770796975 577536
1770797171 578624
1770797357 579712
1770797543 580736
1770797729 581760
1770797915 582648
1770798106 640
1770798292 1152
1770798478 1664
1770798664 1920
1770798864 3072
1770799050 4096
1770799236 5184
1770799437 6336
1770799623 7360
1770799809 8448
1770799995 9536
1770800181 10560
1770800367 11648
1770800562 12736
1770800749 13824
1770800935 14912
1770801120 15936
1770801306 17024
1770801507 18176
1770801693 19264
1770801894 20416
1770802080 21440
1770802266 22528
1770802452 23616
1770802638 24640
1770802824 25728
1770803010 26752
1770803201 27904
1770803387 28928
1770803588 30080
1770803774 31168
1770803960 32256
1770804146 33280
1770804332 34368
1770804518 35456
1770804703 36480
1770804904 37632
1770805090 38720
1770805293 39872
1770805479 40896
1770805665 41984
1770805851 43072
1770806036 44096
1770806237 45248
1770806423 46336
1770806609 47360
1770806795 48448
1770806996 49600
1770807182 50688
1770807368 51712
1770807569 52864
1770807755 53952
1770807941 55040
1770808127 56064
1770808313 57152
1770808499 58240
1770808700 59392
1770808886 60416
1770809072 61504
1770809258 62528
1770809444 63616
1770809630 64704
1770809816 65792
1770810017 66944
1770810203 67968
1770810389 69056
1770810575 70080
1770810776 71232
