1770765650 466816
1770765836 467968
1770766022 469184
1770766208 470400
1770766394 471616
1770766580 472768
1770766766 473984
1770766952 475200
1770767144 476416
1770767345 477696
1770767531 478464
1770767717 479616
1770767903 480832
1770768089 482048
1770768275 483200
1770768476 484544
1770768662 485696
1770768848 486912
1770769049 488192
1770769235 489408
1770769421 490624
1770769607 491840
1770769793 493056
1770769979 494208
1770770179 495552
1770770380 496832
1770770566 497984
1770770752 499200
1770770938 500416
1770771125 501632
1770771311 502784
1770771512 504128
1770771698 505280
1770771884 506496
1770772085 507776
1770772271 508992
1770772457 510208
1770772643 511424
1770772829 512576
1770773015 513792
1770773218 515072
1770773403 516288
1770773590 517504
1770773781 518720
1770773967 519936
1770774154 521088
1770774340 522304
1770774527 523136
1770774713 524288
1770774898 525504
1770775085 526720
1770775275 527936
1770775474 529216
1770775660 530432
1770775846 531648
1770776032 532800
1770776218 534016
1770776404 535232
1770776606 536512
1770776792 537728
1770776978 538880
1770777164 540096
1770777350 540672
1770777536 540672
1770777722 540992
1770777908 542144
1770778095 543360
1770778296 544640
1770778482 545856
1770778668 547072
1770778854 548224
1770779040 549440
1770779242 550720
1770779428 551936
1770779614 553152
1770779800 554304
1770779986 555520
1770780172 556736
1770780359 557888
1770780545 557888
1770780731 557888
1770780932 557888
1770781118 558016
1770781319 559232
1770781505 560384
1770781691 561600
1770781881 562816
1770782067 564032
1770782253 565184
1770782439 566400
1770782640 567680
1770782826 568896
1770783027 570176
1770783213 571392
1770783399 572544
1770783585 573760
1770783771 574976
1770783957 576128
1770784143 577344
1770784329 578304
1770784515 578304
1770784700 578304
1770784886 579072
1770785088 579200
1770785273 579648
1770785459 580864
1770785661 581696
1770785847 582528
1770786033 583296
1770786219 584448
1770786423 584768
1770786609 585920
1770786796 587136
1770786982 588288
1770787168 589440
1770787362 590656
1770787548 590848
1770787734 590848
1770787920 591360
1770788106 592576
1770788291 593728
1770788492 595008
1770788693 596352
1770788879 597504
1770789065 598720
1770789251 599872
1770789437 601088
1770789623 602240
1770789809 603456
1770789995 604608
1770790196 605888
1770790386 607104
1770790572 608320
1770790758 609472
1770790944 610688
1770791130 611840
1770791316 613056
1770791502 614208
1770791688 615424
1770791888 616704
1770792089 617984
1770792275 619200
1770792461 620352
1770792646 621568
1770792832 622720
1770793018 623552
1770793204 624704
1770793390 625664
1770793592 625664
1770793783 626624
1770793969 627776
1770794154 628928
1770794341 630080
1770794527 631232
1770794713 632128
1770794899 632384
1770795085 633216
1770795270 634368
1770795456 635520
1770795642 636672
1770795843 637952
1770796044 639168
1770796230 640320
1770796416 641536
1770796602 642688
1770796789 643840
1770796975 644992
1770797171 646208
1770797357 647360
1770797543 648512
1770797728 649728
1770797914 650700
1770798106 704
1770798292 1280
1770798477 1856
1770798663 2112
1770798864 3392
1770799050 4544
1770799236 5760
1770799437 7040
1770799623 8256
1770799809 9408
1770799995 10560
1770800181 11776
1770800367 12992
1770800562 14208
1770800748 15360
1770800934 16576
1770801120 17728
1770801306 18944
1770801507 20224
1770801693 21376
1770801894 22656
1770802080 23872
1770802266 25024
1770802452 26240
1770802638 27392
1770802824 28608
1770803010 29760
1770803201 30976
1770803387 32192
1770803588 33472
1770803774 34688
1770803959 35840
1770804145 37056
1770804331 38208
1770804517 39424
1770804703 40576
1770804904 41856
1770805090 43072
1770805292 44352
1770805478 45504
1770805664 46720
1770805850 47872
1770806036 49088
1770806237 50368
1770806423 51520
1770806609 52736
1770806795 53952
1770806996 55232
1770807182 56384
1770807368 57600
1770807569 58880
1770807755 60096
1770807941 61248
1770808127 62464
1770808313 63680
1770808499 64832
1770808700 66112
1770808886 67328
1770809072 68480
1770809258 69696
1770809444 70848
1770809630 72064
1770809816 73280
1770810017 74560
1770810203 75712
1770810388 76928
1770810574 78080
1770810775 79360
