1770493997 238656
1770494182 239424
1770494368 240128
1770494558 240960
1770494744 241664
1770494929 242432
1770495115 242944
1770495310 243712
1770495496 244480
1770495681 245248
1770495867 246016
1770496052 246784
1770496239 247552
1770496425 248320
1770496610 249024
1770496795 249792
1770496991 250624
1770497176 251392
1770497362 252160
1770497547 252864
1770497733 253632
1770497928 254464
1770498113 255168
1770498299 255936
1770498484 256704
1770498680 257536
1770498865 258240
1770499050 259008
1770499236 259776
1770499422 260544
1770499617 261376
1770499803 262144
1770499998 262912
1770500183 263680
1770500369 264448
1770500554 265216
1770500739 265984
1770500925 266752
1770501110 267456
1770501306 268288
1770501491 269056
1770501687 269888
1770501872 270592
1770502057 271360
1770502243 272128
1770502428 272896
1770502614 273664
1770502799 274432
1770502994 275264
1770503180 275968
1770503365 276736
1770503551 277120
1770503746 277632
1770503932 278336
1770504117 279104
1770504302 279872
1770504488 280640
1770504683 281472
1770504869 282240
1770505054 283008
1770505239 283712
1770505435 284544
1770505620 285312
1770505806 285504
1770505991 286080
1770506177 286848
1770506372 287680
1770506558 288448
1770506743 289216
1770506928 289984
1770507124 290752
1770507309 291520
1770507494 292288
1770507680 293056
1770507865 293824
1770508051 294592
1770508236 295360
1770508423 296128
1770508609 296896
1770508804 297664
1770508990 298432
1770509179 299264
1770509364 299968
1770509551 300736
1770509746 301568
1770509932 302336
1770510117 303104
1770510302 303872
1770510498 304640
1770510683 305344
1770510869 305344
1770511054 305344
1770511239 305344
1770511435 305472
1770511620 306240
1770511805 306764
1770511991 448
1770512187 1216
1770512373 1984
1770512558 2752
1770512743 3520
1770512929 4288
1770513114 5056
1770513299 5824
1770513495 6592
1770513680 7040
1770513954 7040
1770514139 7040
1770514324 7040
1770514520 7040
1770514705 7040
1770514898 7040
1770515083 7040
1770515269 7040
1770515454 7040
1770515639 7040
1770515825 7040
1770516010 7040
1770516195 7040
1770516381 7040
1770516576 7040
1770516762 7040
1770516947 7040
1770517133 7040
1770517318 7040
1770517503 7040
1770517699 7040
1770517884 7040
1770518069 7040
1770518255 7040
1770518440 7040
1770518631 7040
1770518816 7040
1770519001 7040
1770519187 7040
1770519372 7040
1770519558 7040
1770519753 7040
1770519938 7040
1770520124 7040
1770520319 7040
1770520504 7040
1770520691 7040
1770520876 7040
1770521062 7040
1770521248 7040
1770521433 7040
1770521619 7040
1770521814 7040
1770522009 7040
1770522195 7040
1770522380 7040
1770522566 7040
1770522751 7040
1770522936 7040
1770523122 7040
1770523307 7040
1770523492 7040
1770523678 7040
1770523953 7040
1770524149 7032
1770524334 7032
1770524519 7032
1770524715 7032
1770524910 448
1770525096 932
1770525846 1344
1770526037 2112
1770526223 2880
1770526409 3648
1770526602 4416
1770526798 5248
1770526984 5952
1770527170 6720
1770527355 7488
1770527541 8256
1770527727 9024
1770527912 9728
1770528098 10496
1770528293 11264
1770528484 12096
1770528670 12800
1770528856 13120
1770529041 13696
1770529227 14464
1770529413 15232
1770529598 15936
1770529784 16704
1770529982 17536
1770530177 18304
1770530363 19072
1770530554 19840
1770530739 20608
1770530925 21376
1770531111 22080
1770531296 22812
1770531482 23572
1770531671 24384
1770531868 25152
1770532053 25920
1770532239 26688
1770532425 27392
1770532610 28160
1770532796 28928
1770532992 29696
1770533177 30464
1770533373 31232
1770533568 32064
1770533754 32768
1770533940 33536
1770534125 34304
1770534311 35072
1770534497 35776
1770534683 36544
1770534868 37312
1770535054 38080
1770535239 38784
1770535425 39552
1770535621 40320
1770535806 41088
1770535992 41856
1770536178 42624
1770536364 43392
1770536550 44096
1770536745 44928
1770536844 45312
1770537030 46080
1770537217 46784
1770537417 47616
1770537603 48384
1770537789 48576
1770537990 48960
1770538176 49728
1770538362 50496
1770538548 51264
1770538734 52032
1770538920 52736
1770539121 53568
1770539307 54336
1770539492 55040
