1770493997 490048
1770494183 491584
1770494368 493120
1770494559 494720
1770494744 496256
1770494930 497792
1770495115 498752
1770495311 500416
1770495497 501952
1770495682 503488
1770495867 504960
1770496053 506496
1770496240 508032
1770496425 509568
1770496611 511104
1770496796 512640
1770496991 514240
1770497177 515776
1770497362 517312
1770497548 518848
1770497733 520384
1770497928 521984
1770498114 523456
1770498299 524992
1770498485 526528
1770498680 528192
1770498866 529728
1770499051 531264
1770499237 532736
1770499422 534272
1770499618 535936
1770499803 537472
1770499998 539072
1770500184 540608
1770500369 542144
1770500555 543680
1770500740 545216
1770500925 546752
1770501111 548288
1770501306 549888
1770501492 551424
1770501687 553024
1770501872 554560
1770502058 556096
1770502243 557632
1770502429 559168
1770502614 560704
1770502800 562240
1770502995 563840
1770503180 565376
1770503366 566912
1770503551 567680
1770503747 568640
1770503932 570176
1770504118 571712
1770504303 573248
1770504488 574784
1770504684 576384
1770504869 577920
1770505054 579456
1770505240 580992
1770505435 582592
1770505621 584128
1770505806 584512
1770505992 585728
1770506177 587264
1770506373 588864
1770506558 590400
1770506743 591936
1770506929 593472
1770507124 595072
1770507309 596608
1770507495 598144
1770507680 599680
1770507866 601216
1770508051 602752
1770508237 604288
1770508424 605888
1770508609 607424
1770508805 609024
1770508990 610624
1770509179 612160
1770509365 613696
1770509551 615232
1770509747 616896
1770509932 618432
1770510117 619968
1770510303 621504
1770510498 623104
1770510684 624512
1770510869 624512
1770511054 624512
1770511240 624512
1770511435 624768
1770511621 626368
1770511806 627412
1770511992 832
1770512187 2432
1770512373 4032
1770512558 5568
1770512744 7104
1770512929 8640
1770513114 10176
1770513300 11712
1770513495 13312
1770513681 14272
1770513954 14272
1770514140 14272
1770514325 14272
1770514520 14272
1770514706 14272
1770514898 14272
1770515084 14272
1770515269 14272
1770515454 14272
1770515640 14272
1770515825 14272
1770516010 14272
1770516196 14272
1770516381 14272
1770516577 14272
1770516762 14272
1770516948 14272
1770517133 14272
1770517318 14272
1770517504 14272
1770517699 14272
1770517885 14272
1770518070 14272
1770518255 14272
1770518441 14272
1770518631 14272
1770518817 14272
1770519002 14272
1770519187 14272
1770519373 14272
1770519558 14272
1770519753 14272
1770519939 14272
1770520124 14272
1770520320 14272
1770520505 14272
1770520691 14272
1770520876 14272
1770521063 14272
1770521248 14272
1770521434 14272
1770521619 14272
1770521815 14272
1770522010 14272
1770522195 14272
1770522381 14272
1770522566 14272
1770522751 14272
1770522937 14272
1770523122 14272
1770523308 14272
1770523493 14272
1770523678 14272
1770523953 14272
1770524149 14224
1770524334 14224
1770524520 14224
1770524715 14224
1770524911 896
1770525097 1904
1770525847 2688
1770526038 4288
1770526224 5824
1770526409 7360
1770526603 8960
1770526799 10624
1770526984 12160
1770527170 13696
1770527356 15232
1770527541 16768
1770527727 18304
1770527913 19840
1770528098 21376
1770528294 22976
1770528485 24576
1770528670 26112
1770528856 26752
1770529042 27904
1770529227 29440
1770529413 31040
1770529599 32576
1770529784 34112
1770529982 35712
1770530178 37376
1770530363 38912
1770530554 40448
1770530740 41984
1770530925 43520
1770531111 45056
1770531297 46592
1770531482 48128
1770531672 49664
1770531868 51264
1770532054 52800
1770532239 54336
1770532425 55872
1770532611 57408
1770532796 58880
1770532992 60480
1770533178 62016
1770533373 63680
1770533569 65280
1770533754 66752
1770533940 68288
1770534126 69824
1770534311 71360
1770534497 72896
1770534683 74432
1770534869 75904
1770535054 77440
1770535240 78976
1770535425 80512
1770535621 82112
1770535807 83648
1770535992 85184
1770536179 86720
1770536364 88256
1770536550 89792
1770536746 91392
1770536844 92224
1770537031 93760
1770537217 95296
1770537418 96960
1770537604 98496
1770537790 98880
1770537991 99776
1770538177 101312
1770538362 102848
1770538548 104448
1770538734 105984
1770538920 107520
1770539121 109184
1770539307 110720
1770539493 112256
